a = 8.998054 %
b = 1.232166 %
c = 3.372244 %
d = 3.761349 %
e = 10.959792 %
f = 0.162127 %
g = 0.502594 %
h = 1.653696 %
i = 8.835927 %
j = 2.415694 %
k = 4.507134 %
l = 3.680285 %
m = 2.431907 %
n = 6.339170 %
o = 7.311933 %
p = 3.145266 %
q = 0.000000 %
r = 4.523346 %
s = 5.609598 %
t = 6.160830 %
u = 4.604410 %
v = 3.647860 %
w = 0.000000 %
x = 0.097276 %
y = 2.561608 %
z = 3.485733 %